       w1         w2         w3   Data Height 

     7.017    118.465      6.803      2549397 
     6.801    118.380      6.803     14232993 
     6.807    133.154      7.021      1962247 
     7.017    133.150      7.018      4872522 
     3.157    118.380      6.803       177492 
     2.462    118.380      6.803       141961 
     1.564    118.380      6.803      1256142 
     1.217    118.380      6.803       374017 
     7.253    132.410      7.253      6417508 
     7.032    132.486      7.254      1800574 
     6.894    132.504      7.252       425824 
     6.523    132.490      7.251       154419 
     7.169    118.228      6.826      4074256 
     6.819    118.244      6.824     34268976 
     6.868    131.755      6.870      2766862 
     4.497    131.708      6.867       279472 
     3.031    131.633      6.869       497179 
     2.049    130.715      7.061       142725 
     7.074    132.002      6.869       733599 
     7.064    130.715      7.066      5832751 
     6.880    130.715      7.069      1687789 
     6.898    127.820      6.894      3545358 
     7.041    127.820      6.891      1710708 
     7.252    127.820      6.891       367930 
     6.836    129.757      6.833      3637214 
     7.224    129.757      6.833       957768 
     7.158    131.006      7.157      8736219 
     7.311    131.432      7.158      2561650 
     7.051    128.327      7.039      3926151 
     4.487    131.064      7.156       463890 
     3.049    130.973      7.155       331887 
     2.964    130.973      7.155       315665 
     7.312    131.934      7.314      8831620 
     7.321    130.973      7.155      1425339 
     7.580    130.973      7.155       168349 
     8.006    130.973      7.158       116543 
     7.315    131.808      7.312      8064440 
     7.162    131.808      7.314       608386 
     0.871    130.184      7.319       162391 
     1.723    130.094      7.321       157026 
     7.165    130.094      7.316       659564 
     7.321    130.094      7.320      7564584 
     6.984    132.480      6.983      8823417 
     7.056    132.480      6.984      3382486 
     8.350    132.480      6.984       243557 
     6.531    132.480      6.984       144898 
     4.417    132.576      6.984       401017 
     3.237    132.507      6.987       691275 
     3.103    132.510      6.986       721810 
     0.524    132.544      6.986       278665 
     0.940    132.587      6.981       285836 
     2.056    132.472      6.985       589576 
     1.955    132.480      6.983       220432 
     1.584    132.480      6.988       278914 
     1.533    132.480      6.986       260197 
     1.199    132.480      6.984       159481 
     7.056    130.224      7.057      8379058 
     0.528    130.271      7.055       727346 
     0.928    130.338      7.056      1032231 
     1.137    130.224      7.056       486880 
     1.192    130.224      7.056       467791 
     1.570    130.224      7.059       228083 
     2.044    130.224      7.054       170245 
     3.640    130.224      7.054       366995 
     3.238    130.224      7.052       127480 
     6.763    118.443      6.766      7968458 
     6.970    118.446      6.764      2150611 
     5.258    118.465      6.763       160952 
     2.847    118.409      6.763       157088 
     2.639    118.409      6.763       160791 
     2.494    118.414      6.763       282108 
     2.401    118.364      6.765       263727 
     9.298    132.763      6.970       114808 
     3.942    132.473      6.992       127052 
     3.650    132.457      6.986       337613 
     3.440    132.452      6.986       151071 
     2.850    132.733      6.980       216725 
     2.654    132.681      6.973       168034 
     1.432    132.780      6.976       196945 
     2.395    130.917      7.158       152340 
     1.962    130.866      7.155       203847 
     1.940    131.244      7.166       131252 
     1.755    131.303      7.162       132296 
     1.748    130.888      7.151       117445 
     1.536    131.116      7.156       248098 
     1.330    130.832      7.157       165194 
     1.140    131.116      7.150       101776 
     0.887    131.021      7.156       400680 
     0.165    131.296      7.157       115710 
    10.140    127.961      7.090       821354 
     8.455    127.969      7.090       251862 
     8.218    128.034      7.086       119886 
     7.365    127.952      7.087       129458 
     7.089    127.945      7.090      4647150 
     4.530    127.923      7.087       126458 
     3.430    127.963      7.088       340469 
     3.029    127.845      7.088       225496 
     1.697    127.917      7.091      1427144 
     8.946    131.971      6.868       173657 
     8.568    131.928      6.869       108392 
     8.110    131.754      6.868       146091 
     4.014    131.751      6.868       219188 
     3.833    131.561      6.872       172991 
     1.302    131.938      6.863       156152 
     1.160    131.603      6.873       143952 
     0.884    131.762      6.869       374064 
     0.543    131.813      6.865       149899 
     0.374    131.685      6.860       157153 
     8.110    132.870      7.169       355215 
     7.304    133.130      7.162       412612 
     7.169    132.895      7.169     14569764 
     6.825    132.911      7.169      2661164 
     3.995    132.857      7.168       500098 
     3.614    132.794      7.168       184534 
     3.053    132.951      7.168       558734 
     2.882    132.929      7.168       587141 
     1.793    132.937      7.169       354211 
     1.509    132.873      7.170       285398 
     1.286    133.063      7.170       284438 
     0.882    132.908      7.169       364578 
     8.187    132.450      7.253       251825 
     4.694    132.652      7.245       119271 
     4.055    132.365      7.251       340441 
     3.260    132.378      7.255       561713 
     3.022    132.409      7.254       677315 
     2.099    132.277      7.253       171354 
     1.977    132.329      7.255       209266 
     1.061    132.487      7.254       116715 
     0.926    132.465      7.252       159349 
     0.168    132.552      7.261       161383 
    -0.234    132.571      7.257       214045 
     7.355    133.063      7.081       175233 
     7.087    133.083      7.089      6700468 
     6.521    133.092      7.091      1655472 
     4.777    133.054      7.089       723980 
     3.921    133.064      7.091      1075545 
     2.854    133.019      7.091       628086 
     1.979    133.228      7.096       105622 
     1.204    133.042      7.091       408679 
     1.052    133.129      7.092       195863 
     0.802    133.083      7.091       200497 
     7.628    133.216      7.016       116872 
     7.373    133.145      7.021       341311 
     7.250    132.893      7.033       410389 
     4.939    133.159      7.021       367263 
     4.789    133.118      7.024       126402 
     3.947    133.193      7.024       293392 
     3.169    133.133      7.020       439910 
     3.027    133.087      7.020       537978 
     2.856    133.174      7.021       258845 
     2.456    133.128      7.022       406944 
     2.143    133.121      7.025       110339 
     1.545    133.158      7.022       428120 
     1.415    133.270      7.014       168036 
     1.206    133.165      7.021       611919 
     0.936    133.207      7.020       116334 
     8.863    133.599      7.223       239078 
     8.634    133.501      7.227        92166 
     8.170    133.944      7.233        91904 
     7.983    133.571      7.225       358156 
     7.623    133.615      7.223       147921 
     7.224    133.629      7.225      4239241 
     7.078    133.582      7.225       240591 
     6.835    133.639      7.224      1314197 
     5.651    133.624      7.223       450045 
     4.407    133.634      7.224       277005 
     3.510    133.638      7.225       473145 
     2.931    133.677      7.225       473892 
     2.661    133.607      7.223       569048 
     2.056    133.832      7.230       147032 
     2.054    133.447      7.216       110181 
     1.785    133.708      7.223       180111 
     1.292    133.675      7.221       245212 
     1.170    133.637      7.223       189313 
     0.930    133.612      7.221       177379 
     0.788    133.643      7.224       651361 
     0.531    133.667      7.225       294198 
     0.369    133.628      7.224       442711 
    -0.536    133.725      7.228       298447 
     8.371    130.265      7.049       101490 
     7.994    130.327      7.057       127771 
     3.652    131.980      7.304       125548 
     1.749    132.013      7.309       126755 
     0.869    131.991      7.309       213525 
    -0.240    131.711      7.313       124864 
     8.103    130.873      7.072       182892 
     4.000    130.856      7.064       115357 
     2.225    130.797      7.083       110120 
     1.275    130.638      7.071       285067 
     0.165    130.725      7.084       112046 
     8.278    118.086      6.826       122706 
     8.108    118.324      6.828       112253 
     7.397    118.442      6.812       100427 
     6.662    118.378      6.816       267873 
     4.932    118.310      6.802       143454 
     4.385    118.376      6.811       121905 
     4.303    118.297      6.830       119239 
     3.958    118.347      6.818       394518 
     3.028    118.231      6.822       313146 
     2.858    118.296      6.826       274435 
     2.548    118.406      6.800       146464 
     1.805    118.152      6.825       363664 
     0.876    118.195      6.826       796119 
     9.293    130.855      7.035        90867 
     7.254    130.816      7.030      1674954 
     6.901    130.828      7.037      1707187 
     6.524    130.930      7.031       263355 
     3.888    131.098      7.027       113174 
     3.011    130.652      7.033       118050 
     1.510    131.013      7.034       162805 
     1.061    130.896      7.031       505191 
     0.173    130.907      7.029       141992 
    -0.231    130.832      7.034       242111 
     7.451    119.064      6.515        97093 
     7.245    118.879      6.523       244813 
     7.083    118.921      6.522      1732228 
     6.893    118.949      6.522       316406 
     6.521    118.927      6.521      7240116 
     4.416    118.963      6.518       222105 
     3.913    118.871      6.517       226542 
     3.432    118.902      6.518       145031 
     2.415    118.679      6.524       114694 
     2.170    118.882      6.521       157477 
     1.985    118.874      6.519       220746 
     1.039    119.002      6.521       130316 
     1.049    118.706      6.529       130391 
     0.811    118.944      6.520       290563 
     4.647    118.579      6.831        94977 
     7.981    129.854      6.842        88212 
     7.059    129.948      6.842       308168 
     4.229    129.679      6.842       101267 
     3.512    129.780      6.831       267324 
     2.067    129.764      6.840       122227 
     1.808    129.905      6.836       129898 
     1.267    129.842      6.829       147163 
     1.139    129.740      6.836       264430 
     0.934    129.836      6.833       466280 
     0.795    129.785      6.833       790426 
     0.529    129.746      6.833       414663 
     0.370    129.853      6.832       218384 
    -0.536    129.810      6.837       208113 
     3.651    128.510      7.044       105120 
     1.140    128.237      7.041       345293 
     0.932    128.262      7.041       549975 
     0.533    128.303      7.037       218955 
     8.078    128.534      6.881       108838 
     7.069    128.607      6.884      1692575 
     6.884    128.567      6.887      3280341 
     3.618    128.729      6.880       137276 
     2.242    128.674      6.872       149030 
     1.525    128.672      6.879       129211 
     1.285    128.707      6.881       154306 
     1.126    128.670      6.883       704033 
     0.926    128.599      6.883       359927 
     0.819    128.690      6.886       150271 
     0.173    128.562      6.879       147024 
    -0.241    128.680      6.885       232187 
    -0.530    128.734      6.882       122725 
     6.529    127.776      6.897       119779 
     3.901    127.895      6.895       118391 
     1.194    127.990      6.894       417873 
     0.930    128.082      6.899       337493 
     7.215    128.180      6.933       170368 
     6.922    128.257      6.930      2162590 
     1.129    128.290      6.932       446648 
     0.798    128.269      6.938       180065 
     0.519    128.279      6.935       139077 
    10.128    124.688      6.871       101997 
     8.953    124.564      6.852        99246 
     7.370    124.516      6.856       990345 
     6.848    124.529      6.855      3299740 
     5.871    124.467      6.855       189593 
     1.684    124.577      6.854       269748 
     1.047    124.587      6.856       587417 
     0.856    124.581      6.858       132884 
     9.866    120.369      7.372       139106 
     9.554    120.331      7.362       186298 
     8.500    120.214      7.372       107861 
     7.368    120.387      7.367      1466037 
     6.805    120.370      7.368       447790 
     5.877    120.449      7.367       150381 
     5.255    120.299      7.367       107061 
     5.066    120.364      7.372       175093 
     3.431    120.323      7.373       122806 
     3.033    120.361      7.371       186089 
     2.848    120.355      7.370       217059 
     2.658    120.375      7.369       212388 
     0.473    120.288      7.373       122109 
    10.137    115.075      7.370       400156 
     7.371    115.056      7.370      4481735 
     6.849    115.058      7.370      1130858 
     1.796    115.134      7.369       161109 
     1.648    115.080      7.369       200628 
     1.046    114.975      7.370       196151 
     0.479    115.117      7.375       123646 
     8.966    122.274      6.800       200017 
     8.615    122.244      6.798       165506 
     7.369    122.339      6.803       518321 
     6.811    122.310      6.804      1884362 
     5.882    122.327      6.802       600370 
     1.703    122.369      6.796       206585 
     1.031    122.250      6.799       251717 
     0.461    122.465      6.794        96842 
     9.120    118.656      6.757       152245 
     8.999    118.563      6.762       114302 
     8.791    118.629      6.764       124983 
     8.507    118.559      6.761       114772 
     3.777    118.582      6.764       172790 
     3.029    118.354      6.766       146390 
     1.397    118.439      6.763      1518597 
     0.978    118.413      6.765       338331 
    -0.538    130.452      7.075       114686 
     6.936    129.810      6.835      1118625 
     6.766    132.388      6.974       587169 
     6.954    133.610      7.221       256010 
     0.603    133.610      7.223       133673 
     7.052    129.753      6.835       196975 
     0.593    129.753      6.835       195339 
     7.045    128.294      6.930       667372 
     6.831    128.294      6.933      1017798 
     0.923    128.294      6.937       334291 
     7.039    132.480      6.983      5732604 
     6.974    132.480      6.972      8823417 
     2.856    132.498      6.978       129127 
     4.872    132.498      6.986       127617 
     2.460    118.312      6.821       118490 
     1.514    118.078      6.826       632292 
     1.316    118.078      6.828       229488 
     6.795    124.499      6.855      1713795 
     1.803    124.499      6.853       255104 
     6.857    122.292      6.802      1444229 
     1.780    122.292      6.802       152585 
     0.843    120.646      7.364        97086 
     7.085    127.802      6.891       717695 
     7.075    132.401      7.254      1319696 
     7.221    133.048      7.092       428451 
     1.218    128.339      7.041       208118 
     6.850    128.339      7.037       237226 
     6.959    120.370      7.371       175725 
     8.494    120.370      7.373       107861 
     2.665    132.498      6.976        93275 
    -0.227    131.048      7.159        99215 
    -0.241    130.649      7.330        96113 
     0.877    130.538      7.323       126513 
     1.513    130.727      7.074       280603 
     1.737    132.921      7.171       196800 
