       w1         w2         w3   Data Height 

     8.117    114.705      7.812       915561 
     8.871    112.150      8.867      5637672 
     3.024    113.297      7.987      1040273 
     3.025    113.329      7.237       709244 
     7.517    111.027      7.028     10409515 
     7.516    111.019      7.514     10347084 
     7.029    111.028      7.515     10219440 
     7.029    111.022      7.028     11044754 
     2.763    111.034      7.027       268348 
     2.767    110.989      7.514       320469 
     2.719    111.055      7.515       227395 
     4.490    110.985      7.029       365057 
     4.496    111.055      7.515       497815 
     2.719    111.055      7.028       191287 
     7.392    110.901      7.390     17694488 
     6.673    110.920      7.390     11471550 
     6.673    110.896      6.672     16492565 
     7.392    110.926      6.671     11312861 
     2.474    110.881      6.672       268874 
     2.338    110.849      6.675       230909 
     2.468    110.955      7.390       508285 
     2.341    110.943      7.390       401670 
     1.533    110.928      7.390       473386 
     0.867    110.947      7.389       360760 
     1.539    110.867      6.674       421782 
     0.872    110.887      6.671       532692 
     0.959    112.579      7.046       183290 
     1.388    112.290      6.725       375796 
     1.384    112.264      7.051       419518 
     2.479    112.271      7.047       344453 
     2.492    112.345      6.721       501876 
     2.406    112.306      6.720       376911 
     2.412    112.306      7.050       241646 
     0.962    112.290      6.723       228974 
     6.722    112.336      7.049      3208944 
     6.733    112.214      6.732     30405328 
     7.050    112.326      6.722      3016191 
     7.050    112.310      7.049      3551975 
     6.847    112.162      6.847      9277183 
     7.586    112.115      6.846      7153996 
     6.846    112.061      7.581      5447936 
     7.581    112.061      7.581     30349918 
     4.667    112.061      7.581       535011 
     3.032    112.061      7.584       869536 
     2.848    112.061      7.584       476931 
     3.026    112.063      6.848       457352 
     2.835    112.061      6.846       337127 
     7.102    111.050      6.346     11608918 
     6.347    111.033      6.346     15746483 
     6.347    111.048      7.101     12579496 
     7.102    111.037      7.101     16817256 
     4.579    111.001      6.347       270566 
     4.579    111.043      7.101       444067 
     1.955    111.050      6.346       668264 
     1.958    111.032      7.101      1209393 
     2.107    111.206      7.098       193093 
     1.808    111.979      6.468       169689 
     1.641    111.911      6.464       179167 
     6.471    111.906      6.467       618431 
     8.724    108.986      8.721       699608 
     3.186    108.970      8.720       175755 
     2.997    108.924      8.721       189822 
     1.786    109.001      8.721       209259 
     1.224    108.973      8.719       166642 
     0.532    108.877      8.723       175260 
     4.290    110.858      6.879       271896 
     2.378    110.858      6.873       286674 
     1.458    110.742      6.880       427981 
     1.228    110.791      6.879       405592 
     1.656    110.858      6.876       270463 
     1.459    110.858      6.876       427981 
     7.990    113.262      7.987      5736439 
     7.992    113.321      7.237      5212898 
     7.238    113.277      7.238     10224090 
     7.238    113.330      7.988      5007212 
     2.501    112.508      6.721       461943 
     2.406    112.508      6.721       295106 
     6.921    112.939      6.915     37113124 
     7.568    112.939      6.912     12195285 
     6.928    112.939      7.556     11984310 
     2.392    112.939      6.915       280911 
     8.347    122.143      8.343     11737356 
     8.583    122.086      8.339       340766 
     2.087    122.159      8.342      1183814 
     1.947    122.157      8.341      1954613 
     2.387    122.159      8.340      1142762 
     4.387    122.086      8.339      1271026 
     6.785    112.187      8.868       556398 
     7.163    112.202      8.866       159854 
     8.485    114.605      7.562      1060166 
     8.944    121.920      8.570       755841 
     8.586    121.923      8.582     10553913 
     7.917    121.878      8.568       950634 
     6.868    121.934      8.569       515689 
     4.792    121.772      8.583      2351646 
     4.385    121.960      8.586      3798149 
     3.827    121.867      8.568       611266 
     3.024    121.875      8.567      3035566 
     2.387    121.931      8.582       419313 
     2.088    121.964      8.586       709488 
     1.942    121.984      8.588       516411 
     1.656    121.964      8.585      1261223 
     1.499    121.968      8.586      1725790 
     1.170    121.910      8.579       688033 
     0.361    121.982      8.570       288021 
     9.861    117.952      9.552       444059 
     9.554    117.928      9.551      2911370 
     9.285    117.743      9.554       170462 
     8.478    117.881      9.554       148885 
     7.371    117.995      9.552       316159 
     6.956    118.048      9.551       187740 
     5.880    117.963      9.550       248772 
     5.270    117.926      9.551      1096280 
     3.772    117.977      9.553       200766 
     2.841    117.819      9.550       284073 
     2.652    117.894      9.551       234559 
     1.309    117.931      9.551       477682 
     1.163    117.943      9.550       377490 
     0.372    117.945      9.551      1107212 
    -0.544    117.993      9.552       188693 
     9.545    116.611      9.541      5118344 
     8.265    116.628      9.542       898093 
     7.976    116.691      9.544       439777 
     7.081    116.632      9.542      1208513 
     4.853    116.638      9.540       404352 
     4.550    116.689      9.540       557517 
     4.304    116.633      9.542       762394 
     2.698    116.644      9.542       697947 
     2.506    116.660      9.542       473597 
     1.464    116.606      9.543       291489 
     1.215    116.643      9.540       243669 
     0.759    116.655      9.541       185615 
     0.530    116.585      9.547       211857 
     7.247    127.398      6.894       220947 
     6.896    127.376      6.895      2523288 
     4.672    127.352      6.895       286714 
     4.057    127.382      6.895      1226974 
     2.567    127.396      6.897       503968 
     0.816    127.379      6.895       398042 
    10.140    128.717     10.136      8598708 
     7.372    128.725     10.136      1160670 
     7.090    128.718     10.136      1908903 
     6.846    128.647     10.135       213952 
     1.690    128.709     10.135       783085 
     9.861    124.612      9.857      3595448 
     9.557    124.668      9.856       407144 
     8.796    124.656      9.860       172635 
     8.460    124.628      9.861       185125 
     7.371    124.598      9.857       343926 
     5.064    124.614      9.857      1644737 
     3.425    124.615      9.858       223013 
     3.030    124.652      9.856       374718 
     1.315    124.648      9.858       215258 
     1.178    124.624      9.858       944715 
     0.812    124.661      9.860       156334 
     0.520    124.665      9.861       300921 
     0.379    124.653      9.859       260696 
     9.407    123.956      9.403      1072979 
     7.638    123.950      9.404       407040 
     7.008    124.062      9.409       172098 
     4.936    123.966      9.404       941731 
     3.917    123.984      9.404       378927 
     3.167    123.919      9.406       181934 
     3.020    123.929      9.402       245167 
     1.919    123.953      9.403       910403 
     1.744    123.928      9.403       181619 
     1.618    123.931      9.406       393649 
     1.465    123.965      9.403       278053 
     9.293    126.932      9.290      2580886 
     9.127    126.918      9.291       172458 
     8.968    126.968      9.291       328273 
     6.969    126.946      9.289       345770 
     6.769    127.068      9.293       152316 
     5.235    126.925      9.290       507434 
     4.697    126.918      9.290      1224611 
     2.850    126.904      9.290       315107 
     2.649    126.944      9.290       435751 
     1.748    126.913      9.290       350421 
     1.531    126.921      9.290       641087 
     0.956    126.918      9.290       737128 
     0.845    126.943      9.286       172011 
     9.286    123.497      9.282      2678450 
     8.641    123.506      9.282       381812 
     7.041    123.502      9.280       223035 
     4.800    123.539      9.280       231684 
     4.670    123.499      9.282      1311966 
     4.143    123.587      9.280       201697 
     3.818    123.478      9.281       477296 
     2.544    123.483      9.281       272969 
     9.285    121.798      9.118       231152 
     9.121    121.872      9.117      4663776 
     8.976    121.864      9.115       675768 
     8.675    121.812      9.116       328383 
     6.964    121.884      9.117       278585 
     6.760    121.906      9.118       153948 
     5.215    121.870      9.117      2102000 
     4.655    121.878      9.115       624385 
     2.253    121.946      9.114       188564 
     1.905    121.850      9.115       387760 
     1.762    121.891      9.115       562723 
     1.627    121.869      9.116       450956 
     1.425    121.882      9.115       677849 
     1.219    121.902      9.114       261197 
     0.988    121.884      9.116       368946 
     9.076    124.895      9.072      4785902 
     7.988    124.879      9.074       177066 
     4.706    124.883      9.073      1059581 
     4.395    124.911      9.073       666986 
     1.633    124.810      9.077       188310 
     1.306    124.892      9.072      2371837 
     0.803    124.889      9.073      1476383 
     0.604    124.952      9.068       263794 
     0.481    124.869      9.073       733814 
     9.124    124.628      8.976       770664 
     8.980    124.592      8.977      8821268 
     8.821    124.603      8.977       293582 
     8.550    124.594      8.977       339566 
     6.758    124.665      8.978       157060 
     5.215    124.621      8.978       265118 
     4.767    124.599      8.977      3287118 
     4.347    124.573      8.975       495032 
     1.653    124.593      8.977       621409 
     1.514    124.608      8.977      1316523 
     1.390    124.596      8.977      1809423 
     1.164    124.571      8.977       301267 
     0.965    124.600      8.976       847841 
     8.866    123.370      8.861      3331566 
     8.611    123.411      8.860       451636 
     7.990    123.296      8.863       392203 
     7.224    123.390      8.861       370139 
     5.651    123.420      8.861      1531650 
     4.417    123.331      8.861       595229 
     2.925    123.405      8.862       484447 
     2.667    123.433      8.868       341084 
     1.648    123.397      8.861       747813 
     1.309    123.295      8.859       221745 
     1.177    123.406      8.859       207541 
     1.046    123.449      8.863       415661 
     0.846    123.387      8.860       754952 
     0.639    123.439      8.846       166161 
     0.472    123.380      8.869       181455 
     7.011    124.342      8.849       176684 
     4.445    124.543      8.847       795717 
     3.242    124.412      8.845       291121 
     3.097    124.438      8.847       303311 
     1.468    124.478      8.846       379339 
     8.821    121.562      8.818      5155388 
     8.464    121.603      8.819       545171 
     8.171    121.616      8.825       186857 
     7.438    121.725      8.820       196940 
     4.779    121.632      8.818       589700 
     4.462    121.621      8.819      1978080 
     3.737    121.632      8.818       812034 
     3.433    121.638      8.820       448103 
     3.013    121.301      8.808       524954 
     8.531    121.135      8.789       188002 
     7.015    121.004      8.788       157211 
     6.749    120.998      8.788       238767 
     5.100    121.076      8.791      2046708 
     2.403    121.076      8.789       934595 
     1.178    121.087      8.791      1122416 
     8.659    120.941      8.656     18658448 
     8.207    121.021      8.654       239825 
     4.410    120.956      8.655      3297176 
     2.294    120.962      8.655       739716 
     1.943    120.927      8.657      1368169 
     9.117    122.465      8.690       223824 
     8.958    122.577      8.685       224837 
     8.688    122.425      8.685      8838155 
     5.218    122.419      8.686       569684 
     4.593    122.418      8.686      3023807 
     2.246    122.400      8.686       697117 
     1.876    122.404      8.685      1492876 
     1.754    122.433      8.687      1836662 
     1.514    122.496      8.684       217497 
     0.964    122.550      8.683       256352 
     9.283    123.259      8.638       446651 
     8.640    123.248      8.637      3613127 
     7.460    123.308      8.637       713611 
     7.235    123.276      8.647       184337 
     4.664    123.041      8.646       233379 
     4.070    123.233      8.639       603528 
     3.913    123.220      8.638       383738 
     3.880    123.114      8.638       357081 
     3.173    123.141      8.639       147496 
     1.769    123.245      8.638      2161168 
     1.045    123.460      8.640       185941 
     9.294    123.898      8.526       223881 
     8.980    123.936      8.525       326486 
     8.528    123.899      8.526      6489710 
     5.212    123.711      8.516       322444 
     4.734    123.902      8.525      3181066 
     1.755    123.885      8.526      1145311 
     1.533    123.905      8.525      1555414 
     1.389    123.908      8.526      1629543 
     0.951    123.933      8.521       732630 
     0.809    123.600      8.508       180223 
     9.554    126.394      8.489       181211 
     8.504    126.142      8.501      6043686 
     6.762    126.194      8.502       166803 
     5.270    126.371      8.492       437807 
     3.777    126.414      8.496      1628146 
     3.031    126.583      8.508       148586 
     2.465    126.378      8.497       298791 
     2.419    126.216      8.503       371498 
     1.884    126.440      8.496       886209 
     1.771    126.431      8.496       383881 
     0.853    126.443      8.496       502887 
     0.366    126.371      8.491       390501 
     4.385    125.994      8.505      2825894 
     2.178    125.943      8.506       493872 
     1.468    126.058      8.505      2519646 
     8.983    128.557      8.816       281155 
     8.820    128.542      8.816     11129729 
     4.775    128.559      8.816       863280 
     4.343    128.544      8.816      3597371 
     3.700    128.496      8.816       252750 
     2.271    128.520      8.816       700282 
     2.011    128.547      8.816      2091495 
     1.502    128.490      8.817       321640 
     1.174    128.547      8.815       234233 
     0.964    128.543      8.816      2547359 
     8.408    127.320      8.405     13243745 
     4.582    127.320      8.403       569007 
     4.305    127.318      8.405      2598742 
     2.069    127.293      8.403       270086 
     1.377    127.315      8.405      1601826 
     8.562    126.860      8.353       489050 
     8.357    126.865      8.353      5751349 
     7.572    126.902      8.357       166169 
     6.995    126.835      8.352       509644 
     4.854    126.873      8.353      1574874 
     3.651    126.832      8.353       904903 
     3.254    126.824      8.356       271613 
     2.052    126.856      8.353      1254855 
     1.937    126.856      8.353      1316644 
     1.587    126.865      8.355       565390 
     8.424    124.557      8.420     18806704 
     4.391    124.563      8.420      2653692 
     4.258    124.573      8.420       530187 
     1.904    124.606      8.420       263469 
     1.388    124.553      8.420      1316541 
     8.375    123.968      8.369      5354066 
     8.215    124.083      8.381       308927 
     4.339    123.938      8.370      2363064 
     4.229    123.715      8.357       273491 
     1.786    123.899      8.370       986361 
     1.435    123.877      8.371       453940 
     1.218    123.972      8.373       179686 
     8.298    123.488      8.296     15165780 
     4.270    123.488      8.296      2343436 
     1.376    123.480      8.296      1589901 
     8.377    124.040      8.121       324492 
     8.277    124.056      8.118       309015 
     8.124    123.847      8.121      9219610 
     7.974    123.736      8.120       693717 
     5.676    124.059      8.121       188843 
     4.326    123.851      8.120       985020 
     3.923    123.831      8.121      2090094 
     2.907    123.707      8.121       158560 
     1.472    123.833      8.121      2938304 
     1.173    123.841      8.121       882194 
     0.820    123.831      8.121       704890 
     8.248    124.098      8.014      2105234 
     8.019    124.094      8.014      8897134 
     4.486    124.128      8.015       428082 
     4.276    124.101      8.014      1426179 
     3.932    124.031      8.013       350516 
     2.201    124.081      8.004       187491 
     1.857    124.107      8.014       728868 
     1.535    124.094      8.014      3480938 
     1.298    123.827      8.014       350810 
     0.854    124.091      8.011       543970 
     9.084    123.253      7.984       210547 
     8.866    123.170      7.986       265342 
     8.130    123.310      7.987       421819 
     7.990    123.201      7.988      4923468 
     7.232    123.117      7.989       238563 
     5.652    123.237      7.988       645120 
     4.395    123.188      7.988      2026294 
     3.923    123.172      7.987       700829 
     2.923    123.256      7.987       164729 
     1.620    123.305      7.985       172810 
     1.487    123.201      7.988      1193705 
     1.305    123.181      7.988      1069571 
     1.160    123.204      7.988      1462387 
     0.831    123.151      7.987       497573 
     0.513    123.122      7.991       197346 
     8.940    121.431      7.918       221359 
     8.795    121.479      7.916       163398 
     8.569    121.507      7.915      1178489 
     8.446    121.497      7.915       990693 
     7.917    121.501      7.915      7198970 
     4.672    121.497      7.915       764940 
     3.823    121.494      7.913       745382 
     3.024    121.496      7.915      2786970 
     2.421    121.497      7.916       370372 
     8.937    120.051      7.810       823680 
     8.491    120.115      7.809       263949 
     8.098    120.037      7.810      1104270 
     7.812    120.035      7.810      8810110 
     7.578    119.936      7.809       264298 
     6.853    120.020      7.807       171342 
     4.674    120.024      7.810       573121 
     4.469    120.045      7.810      1314268 
     3.819    120.052      7.810       796821 
     3.182    120.018      7.811       526487 
     3.026    120.030      7.810      2238088 
     2.838    120.036      7.810      1341620 
     0.921    120.143      7.810       151570 
     8.922    120.926      8.096       210217 
     8.484    121.019      8.096      1275479 
     8.262    120.773      8.106      1274850 
     8.109    120.865      8.105     16963412 
     7.813    120.908      8.104      1577031 
     7.449    120.924      8.105       201230 
     7.159    120.981      8.097       705386 
     7.101    120.855      8.103       560525 
     6.867    120.823      8.104       562766 
     4.475    120.966      8.096       709406 
     4.262    120.815      8.110      1006563 
     3.990    120.853      8.107      2353056 
     3.614    120.945      8.099       328251 
     3.045    121.017      8.096      2362567 
     2.868    121.031      8.095      1532452 
     2.354    120.759      8.114       680948 
     2.170    120.800      8.114      2917244 
     1.811    120.844      8.106       241548 
     1.524    120.806      8.108      2320529 
     1.294    120.814      8.105      1303407 
     1.135    120.900      8.102       249121 
     0.800    120.837      8.106       875040 
     0.532    120.823      8.105       462577 
     8.351    122.302      8.188      1469576 
     8.191    122.350      8.188      7582195 
     7.533    122.306      8.191       221252 
     7.257    122.345      8.188       557316 
     7.027    122.407      8.190       242611 
     6.897    122.288      8.188       245073 
     4.592    122.389      8.188       719335 
     4.059    122.342      8.188       893241 
     3.260    122.347      8.188      1481970 
     3.020    122.360      8.188      1507654 
     2.711    122.321      8.188       394406 
     2.110    122.300      8.188       373526 
     1.962    122.358      8.186       567671 
     8.467    122.131      8.242       904067 
     8.242    122.090      8.241      7361494 
     4.801    121.936      8.238       239325 
     4.529    122.071      8.242      1027312 
     4.417    122.137      8.242       517061 
     4.075    122.030      8.241       221026 
     3.623    122.065      8.239       308988 
     3.455    122.096      8.242       253043 
     3.002    122.071      8.244       294982 
     2.745    122.049      8.242       582210 
     1.698    122.098      8.242      2539620 
     2.409    121.587      8.387       541387 
     2.174    121.630      8.386       487235 
     1.969    121.565      8.386       937134 
     8.485    122.114      8.481     11971778 
     4.603    121.958      8.477       411070 
     9.136    122.071      8.641       189359 
     8.843    122.022      8.643       188465 
     4.635    122.052      8.644      1425990 
     4.327    122.019      8.639       514137 
     1.931    122.038      8.642      1486704 
     1.638    121.835      8.649       219725 
     1.602    122.229      8.641       313497 
     1.461    122.053      8.639       366762 
     8.100    121.131      8.479       920222 
     7.561    121.053      8.481       770168 
     4.003    121.059      8.479       309121 
     3.821    121.194      8.476       177361 
     3.620    121.145      8.479       797505 
     3.198    121.091      8.476       236511 
     3.050    121.127      8.482       560443 
     2.881    121.112      8.481       494095 
     1.291    121.082      8.479       612782 
     1.140    121.120      8.479      1061527 
     0.802    121.122      8.480      1660820 
     0.174    121.042      8.480       418620 
    -0.237    121.040      8.479       366663 
     9.853    119.890      8.452       225445 
     8.817    119.719      8.450       469932 
     8.454    119.862      8.447      4674606 
     8.167    119.857      8.449      1137406 
     7.089    119.840      8.448       469946 
     5.056    119.805      8.453       413636 
     4.082    119.875      8.448       362286 
     3.632    119.760      8.449       415099 
     3.430    119.856      8.450       901906 
     3.035    119.805      8.448       508856 
     1.692    119.951      8.447       560732 
     8.301    119.697      8.300      8546399 
     4.280    119.657      8.300      1948694 
     2.057    119.640      8.300       350297 
     1.945    119.689      8.297       642878 
     1.372    119.669      8.299       400261 
     8.262    120.473      8.259      8102922 
     8.027    120.437      8.258      1378178 
     7.173    120.699      8.252       155938 
     7.111    120.494      8.261       160266 
     4.501    120.660      8.258       307466 
     4.279    120.421      8.259       475384 
     3.942    120.461      8.258       970743 
     3.608    120.363      8.260       415587 
     1.537    120.404      8.258      1777236 
     1.293    120.440      8.259      2371068 
     1.136    120.529      8.260       212197 
     0.882    120.490      8.258       755391 
    -0.210    120.583      8.244       186512 
     8.123    122.255      8.373       273817 
     4.968    122.170      8.338       337657 
     3.886    122.170      8.341       291106 
     3.712    122.168      8.341       466617 
     1.235    121.974      8.339       235463 
     8.382    121.907      8.375      6765613 
     4.341    121.966      8.378      2328880 
     4.139    122.303      8.377       619012 
     1.808    122.229      8.377      1249190 
     1.442    122.187      8.376       626987 
     0.787    122.288      8.377       344636 
     8.224    118.766      8.220      4060460 
     8.020    118.763      8.220      1416102 
     4.244    118.739      8.221       571684 
     3.926    118.826      8.218       266228 
     3.620    118.756      8.219       292503 
     2.231    118.765      8.219       465388 
     1.852    118.758      8.220      1762550 
     1.518    118.773      8.219       929769 
     1.131    118.787      8.226       354263 
     0.844    118.759      8.220      1028226 
     8.440    118.592      8.437      6338652 
     7.521    118.591      8.437      1451214 
     7.360    118.670      8.437       345420 
     4.571    118.637      8.439       658955 
     4.080    118.596      8.440       399648 
     3.623    118.515      8.437       356133 
     3.286    118.569      8.444       277049 
     2.113    118.578      8.437       562188 
     1.961    118.616      8.437       447419 
     1.733    118.594      8.437      1240788 
     1.361    118.588      8.437       422858 
     0.873    118.558      8.436       399529 
     0.167    118.661      8.437       160104 
     7.555    121.061      8.095       296909 
     9.295    117.995      8.962       373582 
     8.966    117.966      8.962      4402660 
     8.647    117.957      8.959       184659 
     8.303    117.934      8.964       166559 
     6.813    117.958      8.963       437886 
     5.884    117.969      8.962      1833396 
     4.594    117.969      8.962       601678 
     4.249    117.973      8.963      1234730 
     1.741    117.979      8.963       795962 
     1.524    118.005      8.967       209473 
     1.001    117.967      8.962       920084 
     8.863    117.041      8.608       478048 
     8.611    116.992      8.608      3429477 
     7.231    117.119      8.601       180097 
     6.812    117.045      8.609       326893 
     5.875    116.994      8.609      1458366 
     5.654    117.012      8.612       177480 
     4.708    117.019      8.608       240802 
     2.925    116.878      8.611       176080 
     1.648    117.000      8.609       338611 
     1.313    116.980      8.609       830688 
     1.151    116.986      8.608       488107 
     1.033    116.992      8.609       455560 
     0.828    116.982      8.608       466818 
     0.627    116.974      8.609       301006 
     0.472    116.995      8.608       659172 
    -0.534    116.964      8.610       266004 
     8.564    116.614      8.559      4541576 
     8.355    116.619      8.558       456257 
     8.024    116.624      8.559       180496 
     7.580    116.605      8.558       711118 
     3.926    116.608      8.559      1011295 
     3.649    116.580      8.557       230588 
     2.051    116.588      8.558       386707 
     1.931    116.589      8.558       683377 
     1.774    116.596      8.559      1354662 
     1.598    116.603      8.558      1537435 
     1.327    116.640      8.562       452666 
     1.152    116.656      8.562       258448 
     0.850    116.725      8.564       153525 
     8.822    117.363      8.480       176999 
     8.486    117.434      8.484      1712745 
     8.240    117.410      8.483       435117 
     4.781    117.413      8.481      1213920 
     4.413    117.424      8.483       612393 
     3.433    117.427      8.482       816573 
     2.994    117.433      8.483       679986 
     2.743    117.423      8.482      1193554 
     7.668    116.125      8.171       517193 
     7.154    116.156      8.169       577362 
     6.804    116.057      8.170       169570 
     3.693    116.218      8.168       194257 
     3.512    116.176      8.169       428115 
     2.559    116.103      8.174       196892 
     2.136    116.165      8.169       408311 
     1.684    116.143      8.170      1132412 
     1.525    116.125      8.171       200151 
     1.407    116.110      8.169       417216 
     0.931    116.117      8.170       583380 
     0.623    116.167      8.169      1384835 
     0.369    116.139      8.170       800446 
    -0.533    116.100      8.170       134790 
     9.546    115.979      8.260       865012 
     8.263    115.954      8.259      5774618 
     7.605    115.983      8.260       247781 
     7.082    116.013      8.255       181661 
     4.858    115.967      8.259      1223280 
     4.552    115.970      8.259      1078186 
     3.181    115.946      8.261       163665 
     2.994    115.949      8.259       273522 
     1.788    115.998      8.258       220649 
     1.461    115.957      8.260      2104476 
     8.655    115.701      8.202       234620 
     8.371    115.907      8.202       225817 
     8.207    115.797      8.203      6939510 
     4.307    115.771      8.203      2414324 
     2.044    115.736      8.206       263772 
     1.211    115.773      8.204       496536 
     9.550    116.043      7.978       294420 
     8.868    115.997      7.969       186206 
     7.979    115.995      7.976      4673238 
     7.226    115.976      7.978       441230 
     7.080    116.003      7.976      1573329 
     5.655    116.004      7.975       420777 
     4.552    116.031      7.977       405267 
     4.237    115.999      7.974       299800 
     2.928    115.956      7.976       372719 
     2.662    115.981      7.976       435928 
     1.777    115.900      7.977       160183 
     1.478    115.935      7.977       234643 
     1.221    115.959      7.974       324035 
     0.777    116.005      7.976       606201 
     0.526    115.994      7.976       407478 
     0.156    115.952      7.976       374842 
     8.225    117.118      8.023       892261 
     8.026    117.113      8.023      5318305 
     7.579    117.123      8.024       992822 
     4.488    117.074      8.024       270598 
     3.621    117.102      8.023       909070 
     3.031    117.077      8.024       484053 
     2.231    117.106      8.023      1124546 
     1.851    117.018      8.026       223764 
     1.543    117.066      8.024       340348 
     1.129    117.113      8.023       902607 
     0.928    117.101      8.023      1646836 
     0.174    116.985      8.025       215873 
     8.351    114.718      8.345      6800927 
     8.187    114.770      8.347      1185147 
     4.598    114.760      8.345      1406746 
     3.617    114.736      8.350       256406 
     3.290    114.960      8.365       182531 
     3.284    114.636      8.344       307916 
     3.040    114.709      8.351       233894 
     2.709    114.707      8.346      1296746 
     2.381    114.711      8.344       273450 
     1.960    114.748      8.346       724141 
     8.817    114.271      8.030       440870 
     8.356    114.341      8.031       174723 
     8.033    114.248      8.029     15718064 
     4.956    114.262      8.030      1027693 
     4.320    114.261      8.030       436687 
     4.149    114.225      8.029       595999 
     3.883    114.239      8.030       930325 
     3.722    114.260      8.029      1972871 
     2.304    114.323      8.029       195040 
     2.025    114.325      8.029       231460 
     0.967    114.266      8.030       546874 
     7.814    114.710      7.812      5849604 
     7.453    114.715      7.813       877898 
     4.269    114.653      7.813       222103 
     3.989    114.711      7.812      1328074 
     2.468    114.713      7.812       882944 
     2.344    114.705      7.812       891885 
     2.179    114.708      7.812      1150386 
     1.799    114.691      7.813       773728 
     1.543    114.706      7.813      1258492 
     8.174    116.345      7.666       621042 
     7.669    116.361      7.667      5211816 
     7.508    116.336      7.668       995248 
     7.167    116.294      7.667       159069 
     4.362    116.317      7.668       308191 
     3.855    116.372      7.668       762069 
     3.511    116.424      7.671       180055 
     1.706    116.359      7.667      2322562 
     1.418    116.366      7.668       654808 
     0.990    116.412      7.664       213789 
     0.871    116.341      7.669       195039 
     0.625    116.363      7.667       580162 
     0.370    116.390      7.667       477254 
     4.794    112.160      8.866       451506 
     4.237    112.140      8.869       199737 
     3.815    112.143      8.867      1318042 
     2.136    112.132      8.868       599902 
     1.984    112.156      8.868       483326 
     1.813    112.153      8.867       791761 
     1.393    112.170      8.868       308438 
     0.936    112.137      8.867       822367 
     0.623    112.283      8.870       153395 
     8.945    113.054      8.303       171050 
     8.879    113.102      8.300       181674 
     8.307    113.084      8.304      7903315 
     6.836    113.119      8.302       183363 
     5.880    113.081      8.303       524184 
     4.423    113.086      8.304      3014728 
     4.249    113.061      8.302       233760 
     1.649    113.111      8.305       405653 
     1.038    113.087      8.303      2231316 
     0.850    113.101      8.304       598375 
     8.125    114.653      7.572       211636 
     8.091    114.563      7.553       250977 
     7.564    114.572      7.562      9945029 
     7.371    114.558      7.563      1232257 
     6.889    114.706      7.564       422698 
     4.488    114.553      7.563      1436053 
     4.013    114.426      7.561       313765 
     3.621    114.651      7.562       363531 
     2.749    114.560      7.562      2824746 
     1.820    114.778      7.554       192822 
     1.812    114.582      7.571       228200 
     1.292    114.526      7.568       205496 
     1.136    114.557      7.563       710559 
     0.799    114.565      7.563       886949 
     0.171    114.494      7.565       260817 
    -0.243    114.477      7.560       255323 
     7.442    114.680      7.200       975755 
     7.367    114.686      7.201      1164052 
     7.203    114.702      7.201      3947136 
     4.781    114.678      7.202       472720 
     4.052    114.637      7.205       229573 
     3.926    114.671      7.202       602213 
     2.856    114.683      7.199       492861 
     1.048    114.724      7.204       322033 
     0.807    114.665      7.204       405304 
     8.640    120.226      7.460       709296 
     7.461    120.206      7.460      5137538 
     7.200    120.207      7.460       842409 
     4.064    120.262      7.463       283392 
     3.845    120.211      7.460      1022723 
     2.579    120.185      7.458       235510 
     1.776    120.200      7.458       572860 
     1.341    120.210      7.460      1027704 
     1.044    120.195      7.459      1190619 
     0.808    120.213      7.460      1254714 
     8.263    118.761      7.601       220367 
     8.245    118.424      7.586       222263 
     7.602    118.641      7.598      5531824 
     7.165    118.319      7.583       348022 
     6.852    118.463      7.589       214848 
     4.859    118.702      7.601       340153 
     4.392    118.671      7.600       320411 
     3.507    118.785      7.597       163235 
     2.057    118.678      7.602       528306 
     1.787    118.648      7.601       950096 
     1.566    118.634      7.600      1127006 
     1.203    118.629      7.603       394331 
     0.920    118.394      7.585       292575 
     7.637    118.319      7.506      1569505 
     7.512    118.190      7.509      9555834 
     4.389    118.313      7.507      1021953 
     3.859    118.323      7.505       325871 
     2.557    118.377      7.505       183403 
     1.566    118.329      7.506      2712723 
     8.452    118.307      7.368       335035 
     7.536    118.313      7.370      2049940 
     7.371    118.192      7.371     11320279 
     7.196    118.108      7.373       358511 
     7.025    117.976      7.374       576437 
     6.809    118.003      7.374       216663 
     4.936    117.963      7.373       354494 
     4.488    118.291      7.370       463115 
     3.999    118.249      7.370      1877590 
     3.559    118.041      7.374       320840 
     3.162    118.039      7.373       325232 
     2.760    118.370      7.369       700112 
     2.450    118.000      7.375       503224 
     1.804    118.299      7.370      2683866 
     1.457    118.286      7.370       874400 
     1.304    118.352      7.371       381274 
     1.217    118.001      7.373       133203 
     0.875    118.343      7.365       199654 
     8.563    118.199      7.576       602202 
     8.025    118.188      7.577      1100132 
     4.487    118.162      7.576       839081 
     3.924    118.151      7.577       330586 
     3.035    118.184      7.576      1175867 
     1.945    118.183      7.577       264160 
     1.330    118.179      7.574       207804 
     8.824    117.572      7.427       254720 
     7.818    117.611      7.424       260154 
     7.433    117.596      7.427      8428789 
     4.461    117.601      7.427       787172 
     4.260    117.562      7.428       401798 
     3.988    117.604      7.427       516272 
     3.819    117.579      7.428       866516 
     3.604    117.609      7.423       190053 
     1.176    117.628      7.427       264874 
     0.533    117.507      7.429       156525 
     8.871    119.704      6.784       615192 
     8.172    119.749      6.782       195984 
     7.643    119.734      6.783       355177 
     7.154    119.721      6.783       981381 
     7.023    119.676      6.783       168133 
     6.784    119.706      6.783      5344622 
     4.788    119.644      6.784       202214 
     4.355    119.715      6.782       720116 
     3.817    119.728      6.782       346728 
     3.712    119.749      6.782       225433 
     3.020    119.715      6.783      1506530 
     2.136    119.706      6.784       466815 
     1.823    119.724      6.783       713853 
     1.395    119.722      6.783       591988 
     0.939    119.812      6.785       181922 
     9.547    117.691      7.078       930543 
     8.264    117.606      7.084       166407 
     7.979    117.692      7.078      1588382 
     7.238    117.781      7.076       205655 
     7.079    117.690      7.078      3324119 
     4.547    117.713      7.077       223097 
     4.235    117.716      7.079       499211 
     2.691    117.650      7.079       176860 
     1.789    117.714      7.078       205687 
     1.484    117.599      7.080       156547 
     1.236    117.650      7.079       568024 
     0.773    117.661      7.077       569851 
     0.525    117.678      7.078       607508 
     0.167    117.691      7.079       391052 
     8.879    122.229      7.155       161324 
     8.173    122.212      7.153       740185 
     7.644    122.206      7.153       215632 
     7.153    122.207      7.153      3624145 
     7.018    122.171      7.155       277708 
     6.785    122.216      7.154       996045 
     4.356    122.239      7.151       236991 
     4.237    122.183      7.153       258130 
     3.156    122.255      7.151       239792 
     3.023    122.199      7.153       735700 
     2.557    122.194      7.152       545219 
     2.142    122.209      7.153       809109 
     1.688    122.233      7.148       190567 
     1.400    122.202      7.152       780151 
     1.204    122.224      7.155       278039 
     1.048    122.180      7.150       204483 
     0.934    122.207      7.152       311219 
     0.625    122.263      7.153       194993 
     8.441    117.939      7.515      1267322 
     7.365    117.917      7.515      1207847 
     7.158    118.030      7.508       147803 
     4.075    117.892      7.516       711995 
     3.625    117.948      7.515       258071 
     1.756    117.974      7.515      2689919 
     1.367    117.964      7.514       666182 
     0.874    117.940      7.517       981959 
     8.816    107.811      8.159       174374 
     8.456    107.829      8.157      1028624 
     8.166    107.811      8.157      4284743 
     4.533    107.808      8.157       457116 
     4.417    107.792      8.155       251402 
     4.080    107.797      8.157       830182 
     3.629    107.801      8.156      1080362 
     1.699    107.811      8.156       651473 
     8.446    106.834      8.440      5180119 
     7.917    106.845      8.441       826902 
     3.855    106.843      8.440      1567811 
     3.023    106.841      8.441       250478 
     1.886    106.832      8.440       479026 
     1.766    106.930      8.445       246563 
     1.416    106.848      8.440       336386 
     0.934    106.779      8.442       258156 
     8.936    106.221      8.932      3668560 
     8.570    106.265      8.929       556540 
     7.812    106.235      8.931       599700 
     6.868    106.230      8.930       357528 
     4.487    106.340      8.935       252353 
     3.820    106.254      8.933      1477652 
     3.183    106.250      8.932       973444 
     3.025    106.222      8.932       939988 
     0.913    106.196      8.933       519781 
     7.359    104.159      7.353      3782354 
     7.202    104.157      7.353       843033 
     7.066    104.151      7.352       203542 
     4.768    104.203      7.353       321458 
     3.966    104.141      7.353       759775 
     3.556    104.139      7.353       841661 
     8.112    110.633      7.463       214513 
     7.816    110.579      7.459       904772 
     7.455    110.581      7.458      5119418 
     4.440    110.581      7.458       390010 
     4.266    110.582      7.458       572470 
     3.994    110.580      7.458       646825 
     3.826    110.556      7.458       445564 
     3.600    110.551      7.460       376235 
     1.799    110.611      7.462       205035 
     1.543    110.564      7.459       356236 
     9.410    112.534      7.635       501833 
     7.638    112.642      7.633      9430520 
     6.789    112.505      7.634       318483 
     4.941    112.552      7.637       228128 
     4.791    112.517      7.634       795740 
     3.920    112.564      7.635       390978 
     3.164    112.511      7.638       354977 
     3.021    112.516      7.634      1099236 
     2.470    112.434      7.625       170752 
     2.137    112.479      7.633       472771 
     1.882    112.516      7.635      1149218 
     1.614    112.529      7.631       181359 
     1.424    112.516      7.636       825386 
     8.038    111.851      8.807       234751 
     4.314    111.858      8.811       639020 
     4.153    111.855      8.811       296775 
     3.750    111.849      8.812       448183 
     8.346    113.138      8.347       851727 
     8.350    112.809      8.369       531440 
     4.930    113.034      8.368       224798 
     1.811    124.554      9.087       287971 
     8.168    119.683      8.166      3203728 
     4.406    119.673      8.166       228655 
     0.827    121.564      8.584       123176 
     6.815    113.272      7.239       209880 
     8.812    112.391      6.728       160767 
     7.579    112.224      6.733     11167250 
     3.778    112.167      6.720       219337 
     7.830    112.261      7.578       426029 
     6.734    112.236      7.577     11578148 
     3.977    112.058      7.586       212457 
     2.279    111.900      7.569       383032 
     1.459    111.861      7.571       250487 
     0.473    111.936      6.467       138735 
     6.998    110.990      6.882       312530 
     1.027    110.662      6.871       449191 
     8.310    113.130      7.573       310790 
     4.004    112.981      7.582       261364 
     3.708    112.877      7.575       383696 
     2.397    113.214      7.574       340738 
     0.244    113.013      7.573       440461 
     7.084    114.710      7.201       708135 
     0.165    114.710      7.562       246089 
     2.041    120.996      8.656      1123152 
     2.491    120.996      8.789       800340 
     4.306    120.964      8.655       751892 
     2.106    120.747      8.107      2502792 
     1.799    128.725     10.133       222856 
     4.782    124.953      9.074       513762 
     1.776    112.434      7.637       607306 
     3.897    121.427      7.915       665601 
     3.706    112.140      8.868       835769 
     1.728    110.858      6.875       285142 
     1.788    118.123      7.575       645550 
     1.607    118.123      7.575       947612 
     1.238    112.921      8.366        80843 
     4.365    121.480      8.387      2620070 
     1.238    112.921      8.366        80843 
     1.612    123.816      8.118       210491 
     4.789    112.921      8.371       328665 
     4.438    112.921      8.376        89960 
     4.479    112.921      8.376        73751 
